%YAML:1.0
---
# 4Seasons cam1 (right), distorted fisheye — Kannala-Brandt equidistant model.
# Values taken verbatim from calibration/camchain.yaml (cam1).
model_type: KANNALA_BRANDT
camera_name: cam1
image_width: 800
image_height: 400
projection_parameters:
   k2: -0.03696481607810142
   k3: 0.0102400942942071
   k4: -0.01632902510720569
   k5: 0.009597717025035516
   mu: 529.2496538273606
   mv: 529.4013679656194
   u0: 412.4733148308946
   v0: 172.1405434152354
