%YAML:1.0
---
model_type: PINHOLE
camera_name: cam0
image_width: 1280
image_height: 1024
# CADC cam00 (camera_F, front). plumb_bob k3=-0.0232 dropped (VINS PINHOLE supports k1,k2,p1,p2 only).
distortion_parameters:
   k1: -0.211078226790761
   k2: 0.101157542400588
   p1: -0.000329515817247860
   p2: 0.000330423801388672
projection_parameters:
   fx: 653.956033188809
   fy: 655.540088617960
   cx: 653.221172545916
   cy: 508.732863993917
